7.4862
8.5209
8.5004
8.3556
7.8583
8.2198
8.8665
7.0059
8.1896
8.4445
8.0046
8.0782
8.0681
8.5520
7.9740
8.1933
8.0701
7.8571
8.4499
8.8100
8.5325
8.2082
8.1466
7.2924
8.1029
8.5772
8.0454
7.7990
7.8626
8.6308
8.0103
8.4311
7.9714
8.4458
8.2217
8.0747
8.4181
7.9510
7.9056
9.0868
8.1964
8.4058
8.0134
8.1505
8.6044
8.3861
7.7420
7.7331
7.9665
8.3162
8.3824
7.9977
8.3766
8.0196
7.9327
8.9516
8.0602
8.0492
8.5468
8.0136
8.0429
8.1015
8.3084
8.6254
7.8638
8.3730
8.3702
8.1587
8.3119
7.9808
8.5310
7.4896
8.6563
8.1487
7.8982
7.8440
7.8973
8.1027
8.3603
8.8674
8.0468
8.2923
8.2602
8.2064
