8.4435
7.7761
8.5898
8.2105
7.9880
8.1840
8.1438
8.0987
8.1515
7.7063
8.0077
7.9345
7.7466
7.8730
7.9928
7.5940
7.5339
7.1810
8.1714
7.7592
7.8183
7.2790
7.8054
7.2044
7.3930
6.9820
7.7276
7.5442
7.1053
7.3095
8.1181
6.5262
7.3590
7.3378
7.1229
6.9336
7.0649
7.9362
6.4013
6.8913
6.8627
7.0485
7.0622
7.0697
7.0530
6.6804
7.2369
6.7227
7.1855
6.8456
6.6409
6.7554
6.3682
7.1249
6.7350
6.9529
6.8533
6.5681
6.8248
6.7289
7.3068
6.2165
6.3676
6.8574
6.5642
6.6941
6.6853
6.6877
6.6447
6.7186
7.0215
6.0322
7.0179
6.1002
6.0739
7.1565
5.9757
6.8040
6.5521
6.9450
6.8826
6.2889
6.5374
6.4902
6.8738
6.2390
6.4119
6.6205
6.4666
6.3015
6.6979
6.6449
6.4757
6.7169
6.4047
6.4655
6.7628
6.3177
6.6529
6.2780
6.4795
6.2088
6.9621
6.3273
6.6043
6.7325
5.9693
6.6822
